-388—

3111111110· 11511111 inponente
1111111 cumulate medica-
mentum 01 1111111110 inpri-
1110111316
111111110111111111111111-
1111111618.

adeps 11111. 111. 8. 16 71.
2366. 25,4. 2612121. 27 ,30.
1111. 111. 1411. 1113. fem.

-saepissime, e. 1. 416. 31. 36.
11111111111
103121.

1111111111 6,1.

adluderet 111111, quem in·
petigo adludit 19,16.

1111111111 131 (cod.)

1111111111 8,11.

adplumbatum vas 35,9.

adprime 115.

11111111 3411.
adsarara(=existimare):trans·
11111 11 11 adseruntur 111.

111111111 1910.

11 usqum ad usque vesani
eum 1111111 periculum 1111111
Hipp. ep. 111111. 3.

1111111111111111111111.

aegilops 8,187. 161 lemm.

aemoptylaus 719. 1613. 81.

aeneum 11011. 36,53. 57.

1111111111 9,55.111. 119.
12,41.14,.5810.15,99.25,3,
29,3. 3019 20. 21. 23. aphro·
11111111 1,23. 4,31. 67. 8,108.
12,.16 1011. 68. 23,.14 19.
11111

111111111111) 1‚106. 101119.
1114. 9111.

1111111016 30 66

albugo 8,116 111111 8117129.
130. 131. 132. 133. 143. 155.

11511111 ovorum 8‚.156
1111111911 1419 311517.
87.16,48. 23,3.9 40. 27107

28,.1 29. (1111111120, 91. alium
41. 11. 17 53 11 saepissime,
nusquam allium.
11111111111. eumaliquantulo
5111111110 16 91

1111111101 1016

allaetara: mulier ‚quaepuarum
1111118131
11111111114111111.
17.11.11(--1111111111111-
fluentium capillorum) 6,3. 6.
7. 8. 11. 13. 18. 24.

alphita 1616.

alum: radix symphyti, quod
alum Gallicum 1111111018.
1111. 1111. ef. 1119.
1111011111111111101. fissum
1,26. 8,.10 123. 9,.35 3114.
611117 29. 33. 34 36. 38.
12,.35.18.14,.47 151111.
2113153111111111 8,9.
1135 1111111114 5,.3 1123.
31 13,12. 1418 57 18,21.
20 48 schiston 2745. 140.
1111111111 pellem lupi alu-
111111111251.

1111111111 1516. 13171613.
9110101111 Iunii Crispi medica·
menium 131.

11111 111. 1111111 1712. 1918.
mamma
ampelitls ge 7‚16.
1111111181.14,41.16,84.16,78.
27138. 111111111715.
amygdala fem. 1,5. 16,84. 1517.
2613. 36. 11111ῗ111111 26,5.
amygdalinum 11111 1,61. 77.
93. 4,.12 91111. 57. vinum
9111111
anagallis herba 8191111111,
quam Graeci anagallida ap-
pellant 1,.35

11111111 1111 111. 1111 19.
91. 11141111. 11111111
8911 191 111111. 11.

 

